4
1000
0
1
2
3
4
5
6
7
8
9
10
11
12
13
14
15
16
17
18
19
20
21
22
23
24
25
26
27
28
29
30
31
32
33
34
35
36
37
38
39
40
41
42
43
44
45
46
47
48
49
50
51
52
53
54
55
56
57
58
59
60
61
62
63
64
65
66
67
68
69
70
71
72
73
74
75
76
77
78
79
80
81
82
83
84
85
86
87
88
89
90
91
92
93
94
95
96
97
98
99
100
101
102
103
104
105
106
107
108
109
110
111
112
113
114
115
116
117
118
119
120
121
122
123
124
125
126
127
128
129
130
131
132
133
134
135
136
137
138
139
140
141
142
143
144
145
146
147
148
149
150
151
152
153
154
155
156
157
158
159
160
161
162
163
164
165
166
167
168
169
170
171
172
173
174
175
176
177
178
179
180
181
182
183
184
185
186
187
188
189
190
191
192
193
194
195
196
197
198
199
200
201
202
203
204
205
206
207
208
209
210
211
212
213
214
215
216
217
218
219
220
221
222
223
224
225
226
227
228
229
230
231
232
233
234
235
236
237
238
239
240
241
242
243
244
245
246
247
248
249
250
251
252
253
254
255
256
257
258
259
260
261
262
263
264
265
266
267
268
269
270
271
272
273
274
275
276
277
278
279
280
281
282
283
284
285
286
287
288
289
290
291
292
293
294
295
296
297
298
299
300
301
302
303
304
305
306
307
308
309
310
311
312
313
314
315
316
317
318
319
320
321
322
323
324
325
326
327
328
329
330
331
332
333
334
335
336
337
338
339
340
341
342
343
344
345
346
347
348
349
350
351
352
353
354
355
356
357
358
359
360
361
362
363
364
365
366
367
368
369
370
371
372
373
374
375
376
377
378
379
380
381
382
383
384
385
386
387
388
389
390
391
392
393
394
395
396
397
398
399
400
401
402
403
404
405
406
407
408
409
410
411
412
413
414
415
416
417
418
419
420
421
422
423
424
425
426
427
428
429
430
431
432
433
434
435
436
437
438
439
440
441
442
443
444
445
446
447
448
449
450
451
452
453
454
455
456
457
458
459
460
461
462
463
464
465
466
467
468
469
470
471
472
473
474
475
476
477
478
479
480
481
482
483
484
485
486
487
488
489
490
491
492
493
494
495
496
497
498
499
500
501
502
503
504
505
506
507
508
509
510
511
512
513
514
515
516
517
518
519
520
521
522
523
524
525
526
527
528
529
530
531
532
533
534
535
536
537
538
539
540
541
542
543
544
545
546
547
548
549
550
551
552
553
554
555
556
557
558
559
560
561
562
563
564
565
566
567
568
569
570
571
572
573
574
575
576
577
578
579
580
581
582
583
584
585
586
587
588
589
590
591
592
593
594
595
596
597
598
599
600
601
602
603
604
605
606
607
608
609
610
611
612
613
614
615
616
617
618
619
620
621
622
623
624
625
626
627
628
629
630
631
632
633
634
635
636
637
638
639
640
641
642
643
644
645
646
647
648
649
650
651
652
653
654
655
656
657
658
659
660
661
662
663
664
665
666
667
668
669
670
671
672
673
674
675
676
677
678
679
680
681
682
683
684
685
686
687
688
689
690
691
692
693
694
695
696
697
698
699
700
701
702
703
704
705
706
707
708
709
710
711
712
713
714
715
716
717
718
719
720
721
722
723
724
725
726
727
728
729
730
731
732
733
734
735
736
737
738
739
740
741
742
743
744
745
746
747
748
749
750
751
752
753
754
755
756
757
758
759
760
761
762
763
764
765
766
767
768
769
770
771
772
773
774
775
776
777
778
779
780
781
782
783
784
785
786
787
788
789
790
791
792
793
794
795
796
797
798
799
800
801
802
803
804
805
806
807
808
809
810
811
812
813
814
815
816
817
818
819
820
821
822
823
824
825
826
827
828
829
830
831
832
833
834
835
836
837
838
839
840
841
842
843
844
845
846
847
848
849
850
851
852
853
854
855
856
857
858
859
860
861
862
863
864
865
866
867
868
869
870
871
872
873
874
875
876
877
878
879
880
881
882
883
884
885
886
887
888
889
890
891
892
893
894
895
896
897
898
899
900
901
902
903
904
905
906
907
908
909
910
911
912
913
914
915
916
917
918
919
920
921
922
923
924
925
926
927
928
929
930
931
932
933
934
935
936
937
938
939
940
941
942
943
944
945
946
947
948
949
950
951
952
953
954
955
956
957
958
959
960
961
962
963
964
965
966
967
968
969
970
971
972
973
974
975
976
977
978
979
980
981
982
983
984
985
986
987
988
989
990
991
992
993
994
995
996
997
998
999
1000
999
998
997
996
995
994
993
992
991
990
989
988
987
986
985
984
983
982
981
980
979
978
977
976
975
974
973
972
971
970
969
968
967
966
965
964
963
962
961
960
959
958
957
956
955
954
953
952
951
950
949
948
947
946
945
944
943
942
941
940
939
938
937
936
935
934
933
932
931
930
929
928
927
926
925
924
923
922
921
920
919
918
917
916
915
914
913
912
911
910
909
908
907
906
905
904
903
902
901
900
899
898
897
896
895
894
893
892
891
890
889
888
887
886
885
884
883
882
881
880
879
878
877
876
875
874
873
872
871
870
869
868
867
866
865
864
863
862
861
860
859
858
857
856
855
854
853
852
851
850
849
848
847
846
845
844
843
842
841
840
839
838
837
836
835
834
833
832
831
830
829
828
827
826
825
824
823
822
821
820
819
818
817
816
815
814
813
812
811
810
809
808
807
806
805
804
803
802
801
800
799
798
797
796
795
794
793
792
791
790
789
788
787
786
785
784
783
782
781
780
779
778
777
776
775
774
773
772
771
770
769
768
767
766
765
764
763
762
761
760
759
758
757
756
755
754
753
752
751
750
749
748
747
746
745
744
743
742
741
740
739
738
737
736
735
734
733
732
731
730
729
728
727
726
725
724
723
722
721
720
719
718
717
716
715
714
713
712
711
710
709
708
707
706
705
704
703
702
701
700
699
698
697
696
695
694
693
692
691
690
689
688
687
686
685
684
683
682
681
680
679
678
677
676
675
674
673
672
671
670
669
668
667
666
665
664
663
662
661
660
659
658
657
656
655
654
653
652
651
650
649
648
647
646
645
644
643
642
641
640
639
638
637
636
635
634
633
632
631
630
629
628
627
626
625
624
623
622
621
620
619
618
617
616
615
614
613
612
611
610
609
608
607
606
605
604
603
602
601
600
599
598
597
596
595
594
593
592
591
590
589
588
587
586
585
584
583
582
581
580
579
578
577
576
575
574
573
572
571
570
569
568
567
566
565
564
563
562
561
560
559
558
557
556
555
554
553
552
551
550
549
548
547
546
545
544
543
542
541
540
539
538
537
536
535
534
533
532
531
530
529
528
527
526
525
524
523
522
521
520
519
518
517
516
515
514
513
512
511
510
509
508
507
506
505
504
503
502
501
500
499
498
497
496
495
494
493
492
491
490
489
488
487
486
485
484
483
482
481
480
479
478
477
476
475
474
473
472
471
470
469
468
467
466
465
464
463
462
461
460
459
458
457
456
455
454
453
452
451
450
449
448
447
446
445
444
443
442
441
440
439
438
437
436
435
434
433
432
431
430
429
428
427
426
425
424
423
422
421
420
419
418
417
416
415
414
413
412
411
410
409
408
407
406
405
404
403
402
401
400
399
398
397
396
395
394
393
392
391
390
389
388
387
386
385
384
383
382
381
380
379
378
377
376
375
374
373
372
371
370
369
368
367
366
365
364
363
362
361
360
359
358
357
356
355
354
353
352
351
350
349
348
347
346
345
344
343
342
341
340
339
338
337
336
335
334
333
332
331
330
329
328
327
326
325
324
323
322
321
320
319
318
317
316
315
314
313
312
311
310
309
308
307
306
305
304
303
302
301
300
299
298
297
296
295
294
293
292
291
290
289
288
287
286
285
284
283
282
281
280
279
278
277
276
275
274
273
272
271
270
269
268
267
266
265
264
263
262
261
260
259
258
257
256
255
254
253
252
251
250
249
248
247
246
245
244
243
242
241
240
239
238
237
236
235
234
233
232
231
230
229
228
227
226
225
224
223
222
221
220
219
218
217
216
215
214
213
212
211
210
209
208
207
206
205
204
203
202
201
200
199
198
197
196
195
194
193
192
191
190
189
188
187
186
185
184
183
182
181
180
179
178
177
176
175
174
173
172
171
170
169
168
167
166
165
164
163
162
161
160
159
158
157
156
155
154
153
152
151
150
149
148
147
146
145
144
143
142
141
140
139
138
137
136
135
134
133
132
131
130
129
128
127
126
125
124
123
122
121
120
119
118
117
116
115
114
113
112
111
110
109
108
107
106
105
104
103
102
101
100
99
98
97
96
95
94
93
92
91
90
89
88
87
86
85
84
83
82
81
80
79
78
77
76
75
74
73
72
71
70
69
68
67
66
65
64
63
62
61
60
59
58
57
56
55
54
53
52
51
50
49
48
47
46
45
44
43
42
41
40
39
38
37
36
35
34
33
32
31
30
29
28
27
26
25
24
23
22
21
20
19
18
17
16
15
14
13
12
11
10
9
8
7
6
5
4
3
2
1
0
1000
8069
656
7514
5342
2548
8535
474
361
6348
619
3431
3208
8800
9190
6008
7937
1931
6937
7804
5606
6529
1076
1719
8563
1539
4402
5207
1943
2578
6687
5413
9133
8139
6375
7318
6630
7616
1613
3617
4452
6519
1236
4523
181
9099
5102
6334
3322
6640
9790
9528
8387
7749
9708
6512
1354
1618
6596
883
5400
6417
3307
748
7815
2265
3280
2755
7894
6612
827
1212
8274
7315
2869
5408
7751
648
4051
6089
2531
4800
6048
4630
3059
2756
453
2222
4989
708
6712
2658
345
2068
6383
4075
6444
8323
4047
2931
5170
8422
1957
5711
2503
4964
5760
6426
4387
6970
6985
8301
2624
7759
8977
8601
1337
9665
3685
2247
3024
8926
1472
87
3068
6127
430
262
574
7103
1848
5003
286
6153
8672
3359
2711
6415
171
1692
4171
6727
9862
6846
3588
2384
710
6567
1833
2866
3184
9999
4105
2483
9953
7272
1590
2342
924
3503
33
9391
7246
6494
9951
7473
3103
271
8757
1608
3704
3909
7474
3995
2385
1620
5783
4451
2706
1479
5386
8889
6328
2538
7736
9456
2839
5692
5198
7486
4348
5739
9191
8407
7410
4087
8999
3139
310
2178
1116
5275
8771
3455
7470
9449
8644
25
5372
4031
8183
4525
3396
1800
9815
5409
9103
7849
5457
6553
8903
7712
1901
2572
7253
4777
624
5195
8400
573
993
5467
848
1019
6673
5650
3674
3543
1258
6613
8449
6541
3263
1318
7266
5813
1840
1363
3442
2857
5532
3707
3023
2622
8177
7998
1448
8097
5519
4496
8857
2367
2586
5273
6878
1729
9166
3692
1128
1394
6253
322
8942
3838
2100
6850
1051
2696
8524
352
6405
9960
1468
2719
9950
1040
8651
8916
163
7818
2915
3561
5938
4304
9009
5962
5112
55
6665
2623
3192
2520
1094
136
5452
4096
9613
2678
2276
7975
1705
1783
6659
6443
7958
8832
168
3853
7436
4574
6155
9392
8330
6703
1203
5641
8961
7923
2930
4534
6608
9885
3326
6667
9047
7476
2445
343
5178
4967
5004
5877
9236
6109
5836
2783
2581
6009
5466
2284
4826
1884
1913
922
2344
1077
6237
3367
8740
2739
1351
5913
3778
1580
2360
4222
4344
7846
308
2157
7389
1858
9845
6859
6804
376
761
954
2782
8969
6876
3250
7042
1398
2613
4118
9239
5682
4350
3014
4428
6024
7542
9065
3623
6266
3331
5820
1841
8005
1942
4555
2947
5725
3324
6479
45
2418
3993
3857
7050
64
2424
1124
5480
8853
7416
2889
2291
3610
9346
2571
6977
2490
4756
5559
3823
3896
4795
9253
7511
1785
7726
2050
5956
2939
9369
742
3376
4045
3232
3286
9538
2974
5171
5756
1817
5910
8968
3251
190
2152
3974
7588
3189
1233
8502
1254
3026
9878
1273
4460
2402
9464
1389
6666
2949
7226
7831
6320
941
1371
4744
1909
4538
9822
1336
4117
8940
6131
2709
8673
919
1186
2964
1114
2137
887
5678
4492
187
3798
815
2943
83
7404
6907
4696
5322
5856
3551
2549
6905
5886
4828
1826
9865
7920
5355
529
6391
7667
7054
5932
9019
940
9282
7013
7186
1679
6202
2401
3304
870
8295
8789
3987
248
4873
4681
9934
4717
8442
7106
9608
6798
3700
6862
8393
2808
8754
3737
1803
8421
960
9359
3801
10
9279
7981
2056
6238
488
2605
9752
6679
6152
4316
869
2003
324
3474
6571
2219
5981
6035
8036
6174
3394
56
6793
1687
6647
3926
7172
3284
1928
4580
1265
8621
4745
5473
7718
8648
6026
8649
9930
6219
3958
8242
5183
1511
9914
7328
8244
6396
4366
588
6818
2383
6117
1994
9140
1372
3899
1695
2504
1674
4747
4511
638
8420
3690
1649
8299
9280
999
7643
7832
4046
2155
2374
8252
5624
8992
2952
6832
3851
3870
9248
855
6486
7138
2026
4472
9612
3406
1036
764
2496
7658
7287
4888
769
6392
2845
5023
2608
5011
2476
1452
8748
9499
4709
2800
5153
7047
2266
4412
7954
8034
1498
7572
6921
72
93
7989
8544
4824
8546
5526
2542
5124
933
8935
2184
4071
528
8628
1180
8134
7821
3673
7709
7308
8707
2423
3469
3536
3452
6326
8350
8051
7135
7807
8383
8008
9106
5565
2475
6838
8843
9010
9580
6690
4936
3871
3885
5983
7614
8267
3220
9806
1118
7099
3015
9928
1464
2163
7334
7836
2652
294
9742
9931
6938
6683
767
6254
8440
8887
3046
9347
2419
952
959
4054
4603
5509
6315
9340
378
77
8643
418
3343
1776
4887
8159
3473
1048
4082
7079
6379
80
5613
9688
3313
5331
3881
2088
6344
7062
4941
8902
3477
9842
4651
6515
8545
687
6942
6633
5580
4739
8665
5512
7916
6704
7075
4450
2074
7381
1310
3228
9229
6638
6775
7495
934
50
9894
9429
8726
9899
4477
968
861
8706
8282
6933
973
4230
3259
9987
1517
2969
1025
3222
7257
3671
2189
1091
1095
6964
2928
4852
6801
8829
7114
1181
4011
8680
4945
4986
9568
7835
3668
6276
2174
2389
9364
8280
8602
5173
1075
6906
4957
9149
4429
6496
7359
5479
1234
7891
5861
8361
6587
3787
5501
2893
3676
1801
5488
2352
1862
7009
9380
8973
444
5445
8359
1028
3
527
6956
1575
7171
5402
962
8625
1098
4414
5119
868
9056
1782
4557
4605
3877
8123
5333
7094
4516
4535
6782
8081
3564
1481
4377
5865
5286
121
404
3912
7973
6784
9325
6996
4295
8086
7589
5585
3387
5940
7361
1059
1551
2229
8866
2774
127
900
8117
9976
8758
1140
2535
3642
5614
1823
7796
1029
7053
5081
5446
9703
5665
1635
7865
40
6355
5223
5802
1283
3553
9687
9874
403
7644
1402
2377
2562
3295
9834
3600
5484
1750
2366
7812
9111
9889
1677
8227
8463
5253
6487
9439
328
1694
7710
3960
397
7203
2435
8593
1842
9142
2492
6966
5733
1624
8701
2258
8834
3248
2614
7196
1701
3728
463
2513
4655
4255
6918
7444
5307
3733
6656
9872
1113
9823
9905
6137
7129
2466
772
7601
7829
8844
9303
10000
539814
773723
546342
440567
264424
829334
920197
503331
589625
677464
786880
959711
587405
699382
442396
499976
212464
418096
627315
459550
483207
4747
363716
45363
736750
33101
514019
515311
742785
739669
634513
335166
137974
651220
604454
239574
344296
434284
671787
246312
203950
654691
344644
564066
19498
630915
477386
545375
865054
232082
91383
699820
930232
512489
188539
447416
664494
899124
670315
242263
586436
977861
523737
730419
279659
727445
616638
58192
278211
933975
890388
779257
150273
91130
761537
676300
143276
547708
503277
589535
393601
632422
776884
651598
843959
541992
409783
989859
996829
397713
803469
345184
956383
871722
85463
468203
975271
539824
233138
656342
659808
610733
649605
668107
52629
503410
936249
973201
507192
31347
499912
923901
208383
274623
989359
835383
77737
82714
194365
623528
224927
441657
370958
387645
13877
811097
244753
772379
736847
944316
499524
146655
120672
644033
249345
250576
253838
193951
203058
738596
834098
565757
493537
547563
23483
537585
274922
721308
172722
704468
219153
700411
528792
441343
808496
963107
464043
471268
689161
545781
57095
469514
76474
114909
544554
939750
751502
560958
900944
279635
859056
279802
105405
52399
389818
612895
691929
767697
432683
16881
229813
335594
844791
191824
727404
115831
453177
370758
355428
431136
237508
70511
134196
111664
636887
899525
450719
518194
874542
731527
744575
560676
467701
745798
929725
643291
248408
877900
59389
122163
601205
246313
436118
85296
846387
803163
780990
211254
754092
786009
420485
431073
357574
455036
708088
599810
920543
484491
66278
948023
250470
834401
165119
233126
993735
605309
421464
731797
610046
554278
931082
465961
684109
585273
438715
786554
952328
563537
227508
802959
544974
354257
829617
143099
836178
478736
658872
3731
384343
616738
600353
240842
524346
879871
618484
23340
583593
271891
749423
646771
814258
162210
89958
384393
627702
987221
20101
132251
5372
566692
105842
21334
218785
910114
616973
162498
147245
699616
363865
844727
961026
504255
592756
824383
685358
706134
923138
35274
536927
323515
777128
569864
918646
682738
493492
118439
743412
630576
588250
531881
513617
350346
107546
295968
317163
390975
323581
413641
357787
410398
71485
549187
380772
320406
562628
525418
985733
829272
64845
248661
80238
705642
758695
705256
59727
396747
809176
197462
398603
141119
870238
946998
627531
975862
437329
23489
570864
72285
861284
809958
862688
890496
262730
437706
346562
707226
182517
533151
378628
511675
744569
533792
462425
208660
224527
541734
382657
923426
324854
27434
497472
553461
67636
127128
735792
615516
902075
917260
387762
948079
659430
295403
592000
22713
349602
56993
494430
535872
268778
921394
92911
78129
411370
833535
401508
379757
438917
432600
576015
363562
197746
562040
68694
662215
568321
275361
840002
905521
453884
68181
726455
867819
516008
205486
47038
656765
975595
14619
789246
313211
813767
700279
341386
934000
136580
509127
238804
192808
400301
398736
295614
773143
431152
994707
741265
497769
734505
950886
515527
257575
249080
203697
999170
916610
149774
526145
259936
821184
620423
607500
836198
231104
801649
394050
67801
961899
423916
656972
58731
152697
125993
471523
709714
192733
804308
82576
876149
322575
698126
597436
331072
1588
644883
403187
811224
969963
554939
825017
745512
296502
741404
567689
915224
378179
65996
533926
245535
489623
311812
269088
417967
190358
767008
971494
31375
523505
980867
942338
520711
137580
716119
792309
174516
35978
908274
717231
697083
975576
56852
244075
213082
971412
415309
536485
94682
176056
963707
356921
378593
767398
509809
717401
654692
894129
654516
875883
623161
409989
668639
994365
986250
709173
114790
925094
102886
80223
149943
857722
242033
573182
490364
550185
303292
978444
255229
688564
518895
879954
574371
870669
972515
918285
761751
630731
192716
662654
176393
311239
154387
34895
794445
247894
346434
302493
179615
891298
131289
147558
101255
406311
233150
245201
889880
861512
666640
227092
475090
19019
742236
820101
683239
58808
240296
397889
243035
710089
909357
677747
938244
494670
101795
338882
344689
479776
558836
91865
666855
19455
513298
168980
83591
348427
581412
387204
73163
301019
419867
200095
778223
296766
753444
707527
387756
419660
745526
25333
250079
740455
727114
667970
918025
87571
564395
766866
704687
590768
343843
88285
358690
947728
476629
92123
238937
838201
403945
941900
187770
423928
140257
532705
262775
328032
595531
295114
356885
325342
247823
843677
793032
155322
942056
106655
323387
579756
389039
341171
598316
371736
399251
613212
658419
511976
352165
262257
116386
707205
328336
371164
445576
572274
590630
600398
183888
173637
610517
423171
779399
583362
99960
264173
676923
314069
972234
200640
24382
53356
381237
293913
722634
963759
241416
740364
131070
805341
354504
376264
938119
687748
342621
773353
525594
356253
982253
595226
347165
192705
279750
2021
514021
236876
200117
974553
257114
750349
391860
764375
492663
428070
637375
26233
655790
211783
865735
447326
280297
896449
592320
104278
606826
445385
96277
855015
713939
807948
1148
806842
777154
301801
303523
993573
314068
312720
142985
902230
846731
715061
221994
917464
544970
733360
765970
110405
237885
842996
164499
989897
721621
686442
279314
735246
72497
227881
550651
884361
941016
981972
986773
810401
369955
798865
596399
35575
384760
579169
860602
333974
798384
173985
605105
700281
11354
698460
681266
716915
643353
244427
582320
731519
912104
359210
691330
104612
375230
421495
662163
146308
261517
744842
677884
440898
598820
337164
619951
875534
367860
833237
363914
796175
74351
969190
703435
349483
625932
532863
63843
855478
893607
908639
979875
130036
21638
166678
291347
29581
531063
658312
898594
928332
362453
560320
176183
576275
73065
307438
663910
349215
338860
263103
137598
189684
236330
696727
497599
720549
973187
344750
582888
335362
93900
733380
767919
983326
746194
29314
666058
477435
61118
314543
820842
360725
63060
463499
607944
190600
568214
108427
948376
488926
35269
692914
86553
750649
178375
35529
841678
272089
525988
815291
432647
343435
45034
538383
315032
159279
680945
151554
15851
241444
461881
207040
981426
820370
744623
547199
290868
928595
7567
276537
59977
954366
711907
66244
37537
69714
959273
792591
385854
99068
386322
674427
179586
741509
193767
599635
109282
290332
315206
517866
70842
866171
253387
912
757627
770679
804874
538992
246079
139561
947704
765513
856253
946101
809065
713799
955992
166132
312691
79229
141074
174978
437874
170882
243870
595877
859941
171877
611858
632216
489142
174797
43963
629428
386775
815346
795723
583290
624072
923250
666285
145215
400949
823633
220345
441588
986043
310736
587203
5777
224075
491048
656526
610206
430247
990819
404126
328030
416778
126680
864619
403608
439589
524481
395633
708227
975043
769466
95524
861325
424845
284633
761793
483272
743530
668068
538624
881137
745534
298099
328998
74079
767060
549795
675639
504901
246102
203444
838408
130276
35321
611456
436785
28368
340342
985881
282657
917724
121522
464765
385869
228068
676415
614840
529985
672376
993403
240407
322967
823584
808918
313988
594180
876497
875826
148931
888527
465194
714403
8072
606686
35243
610965
824050
27433
734771
980621
536680
236943
634163
136968
22031
42311
486389
457983
193637
837231
181699
493900
693949
457856
921077
500646
154263
371811
42971
24136
679323
744732
713922
639281
155314
316709
668519
188740
161089
792662
344758
839887
655619
44799
290813
566952
571202
812120
472498
882868
113010
620496
372829
228673
27562
494017
347235
14355
292032
245509
908977
323964
191359
264290
668481
244196
137032
133280
753292
923497
743554
41148
289356
947999
178175
405109
606957
280824
230317
212291
665999
350975
924661
205159
482810
346239
418611
632286
675231
139008
344915
192367
504327
818225
786244
105316
342107
544289
919580
3605
749071
767783
119880
105311
657515
461858
3630
173620
775415
50843
119137
473228
363458
894727
218048
291578
259343
348520
218795
819417
594781
350418
133795
708069
698450
36491
11006
368294
114179
388748
158403
291462
144290
531108
797224
417348
725829
641852
264549
967873
997583
225589
796468
449784
386237
549549
485288
639627
153487
587105
132711
501432
111760
395500
722054
810730
818820
450478
999039
820396
840302
78536
341457
431224
144635
732291
695541
375342
70734
28432
831288
907296
944297
279082
764857
849034
155636
7128
818497
840223
517358
325390
608378
390782
37677
725555
529934
887299
98835
323326
516253
889210
749647
654137
315866
252335
720909
339560
200899
28705
161595
469443
246203
550421
531513
68638
366277
490822
818653
554858
992095
784825
875680
75732
828729
989167
641640
356875
331280
902324
925874
524063
883564
396629
812891
693253
5042
127407
248844
205623
239719
873825
19904
478392
91010
163491
870325
777899
48560
257386
650887
861206
803679
914905
149653
915063
607824
879604
711191
488929
318465
337045
23285
288639
709312
897414
843917
731053
823483
410348
521300
984948
534451
6545
763604
653024
88079
655180
672211
398848
12109
247183
818068
46906
887571
284557
384951
894984
627108
818822
367099
974355
59246
700656
615652
392234
178368
713220
834871
374623
791384
719394
898723
452350
35930
897185
670074
24555
792925
427639
212508
304343
876192
883969
722548
486622
127386
181553
569500
202433
318959
319441
78748
175035
183550
227128
61968
872834
315735
193288
672295
689435
511050
374752
924039
375898
996891
863717
890318
213749
868177
126184
340916
156228
1837
94900
473164
336792
335288
426615
74665
909493
777846
715083
483486
904301
889782
214687
687005
233178
841547
213702
928256
257847
889429
122908
470502
358811
447480
96657
924406
459668
474927
446163
59455
599132
121593
647132
752640
707963
687473
94741
152707
751928
512699
266917
495012
747965
427994
59099
815151
159558
599007
650100
601063
346181
583548
931465
350243
401814
434231
300888
874388
558810
155386
670637
468257
145714
66823
43692
489715
170394
679368
219518
58253
108511
630980
747542
221970
678847
858030
965471
563690
528539
111320
708484
681792
172507
539653
352603
275491
674334
898651
479535
20620
624796
294583
224616
260031
580251
720539
531929
526602
706570
651458
84198
702954
872190
683733
732944
284621
426310
584822
5855
55667
933741
620601
304938
678253
270219
359410
49862
740232
564808
244329
427657
699779
114223
393642
413306
668539
818602
577849
868247
212904
885152
980387
586625
617856
340455
102768
926152
107897
564648
739701
846223
539436
474510
866950
490780
394197
100586
849480
982270
498743
621095
726820
128539
513820
383781
412823
766037
96570
286516
499238
293529
27569
416430
357039
641860
612465
899441
233435
319793
965369
519991
18736
302883
444154
548308
120579
90124
698650
375564
12618
431672
709844
704591
532048
343449
677116
29906
991553
113263
550752
237963
718629
813908
192715
92745
926122
658657
61667
825325
90329
873985
228530
165257
203563
600976
629377
290515
150325
866543
517792
113221
607678
974823
30851
34453
579377
554934
439815
210636
770925
589371
723154
657222
495226
77755
733719
463237
316503
119054
20153
265009
610479
451369
203463
333616
139242
397000
283174
148766
412511
222264
784268
756265
183846
429502
926312
929164
725771
70888
518560
331750
978720
983022
559602
519222
922026
74371
531196
377206
533051
199102
415638
399505
145824
332896
140125
534465
976368
85185
465291
72009
78085
688092
641730
317516
298247
745395
410088
438217
498403
162016
505323
617012
698651
78714
794917
215409
443512
559712
851931
974383
870042
943653
455136
819295
453168
990744
574295
908048
837506
351534
266133
703273
829163
298703
221285
810498
495205
287226
453157
736543
228349
196565
447117
591753
918501
182357
589328
756107
595432
74886
937115
282182
71608
514999
371642
500658
472483
925638
64154
95153
747876
946307
676201
448785
559254
209604
895193
805087
83331
644421
988292
860002
392603
292089
403818
450555
713408
252529
582741
171095
355646
920616
389661
390670
546456
610025
154952
575707
504573
761309
841289
665592
924954
769589
424169
838230
293833
395696
364099
850038
321447
283977
867881
138215
226371
578945
46053
370972
273457
732100
533850
268457
298815
593658
815048
234522
862335
689581
237358
121648
307907
919698
503497
494457
463143
658934
172603
794059
949192
362566
639751
857052
107987
762555
582137
615617
961912
399072
296611
580546
419260
403777
958849
879062
747694
179186
614078
436352
294769
638009
549007
325509
947640
487897
425790
860680
344657
490108
198657
740996
442456
553852
246792
998886
693708
781774
348694
71749
566590
214603
560967
566079
641701
429660
191472
688241
826383
819586
610915
273362
73778
653120
658961
602668
210977
763941
794954
780793
132890
430841
236193
591894
25404
320388
548971
19942
610453
188278
446246
513414
878554
288246
452277
905384
596976
578250
187913
36750
510182
910303
349404
156325
233926
402806
285911
123580
160257
961643
395028
581343
835399
122147
64509
188244
551224
970962
614547
511857
779828
78631
17675
298776
405134
720660
72787
692241
929568
955581
7794
47298
544696
699132
610189
264589
227760
706447
247429
294278
219676
45215
434558
935440
769500
463597
29563
355411
383312
515675
689765
666971
66859
38293
535467
282384
420769
161498
855106
263694
295802
989227
170829
531041
845192
318222
726937
242462
77173
254015
426047
128736
694070
271988
739245
909022
983004
162636
926270
674150
851465
327379
375044
964088
464511
714356
285672
43073
760340
942844
959913
389747
682626
465479
722240
56125
248859
801289
25252
404460
222745
915387
108457
607710
363475
832223
371908
438558
422860
665842
395049
285089
219302
77486
762069
332124
625076
940601
383336
551040
461101
951725
684458
249043
730747
237637
10350
345260
394483
697056
675155
198155
74528
636405
341543
380371
353144
262420
134183
563748
11760
690709
450530
795033
748139
720671
888060
278747
185934
130902
519053
114016
452847
696098
427497
481412
581931
52889
401851
384386
758806
438984
51786
77775
646349
310691
210590
968787
13928
857606
593659
928132
472652
655719
204364
412449
370205
492315
471067
464201
827728
872129
73469
50038
809246
273423
697739
895577
599828
984887
513034
664146
918407
860277
26028
20939
342502
434424
36208
864243
947304
438890
894628
485650
610276
710942
203851
21262
811135
667413
642329
207417
675967
138221
28314
319188
883902
598119
162355
319141
614971
533971
895041
845040
484619
628698
279710
685077
991469
991592
107906
93702
204282
87284
126981
540514
340603
183277
899266
32883
419925
783171
475992
535425
369631
350926
761738
267473
7572
917151
320774
652797
174116
882146
431299
522673
231269
695852
648835
43455
417575
834791
820024
63648
14500
232791
478723
607496
595542
171272
243351
307364
833699
943190
803324
583283
87668
865497
25712
846014
200931
551787
55016
968694
666578
684887
992756
802216
862745
117215
393280
759007
743319
649322
180790
102998
754602
193416
462977
409304
73657
907428
484909
107510
513454
945093
20522
537316
144385
531968
520304
491441
866736
25598
387068
845730
971275
566758
288952
103786
523947
435686
847352
390599
844098
994595
436320
701627
414094
134843
830500
243430
349800
466291
512808
736573
532857
162690
115590
510633
542731
1529
421101
932542
399421
902285
210918
330774
529809
768323
656754
162570
48672
50358
356560
16972
370093
928840
2331
219044
300502
381923
236559
616901
248998
76523
943148
888779
139912
898754
688819
863828
161879
173879
117965
174456
3024
460684
35403
489638
522025
816994
881416
776220
171899
985283
784555
111362
567706
580300
929033
615716
274693
216245
462503
86987
226425
327806
691421
840054
284256
459640
192342
974330
386342
938734
423283
441843
197612
79598
865231
682086
755030
479991
20701
975925
709440
676160
920750
252029
635469
112419
804559
523728
676447
541861
391696
500618
848099
530786
418655
613202
721091
184153
679634
32687
336703
443858
507907
717828
697558
74280
543765
910249
301854
708535
261333
35944
217843
804194
7165
763345
748684
726721
60754
274682
329257
488038
121900
341655
375784
971850
331734
401522
211575
808729
741387
705735
541860
788055
659425
823678
363857
79213
168578
891077
369923
315092
294868
201162
941785
918941
35131
578322
814745
837658
750196
881401
686310
396525
701218
444166
936270
673771
890406
417834
201728
590636
951335
826709
729243
658929
931633
610613
110049
947954
66873
751245
304714
158212
627774
769454
405237
690084
775692
449940
799097
285155
889115
329695
604762
229485
163988
9771
278487
247415
933875
616399
114144
414661
563847
17647
89254
846549
34583
979774
365834
781035
327327
282580
954039
674874
25400
663144
741067
144428
547157
612842
781872
6542
9897
503808
911003
575782
311130
696777
183908
615969
709428
281757
657816
139730
273320
75913
349046
664887
406765
912529
372812
760983
16176
618445
240554
922852
35149
566304
270185
716346
597610
36098
524177
443012
872880
48184
56555
894717
215847
862118
623396
374356
638253
265467
423067
456489
477459
747146
256008
527541
418261
439737
753672
131142
693491
231442
7625
257191
364208
275703
122830
904286
11750
483762
663519
808526
131204
906410
603345
874557
494630
466674
727789
544816
855439
362876
80128
928563
494982
673963
707455
314357
220362
793990
765652
681487
719666
22409
528165
35750
266516
527184
474661
153140
526277
701356
622573
795728
925284
443072
751433
819051
809011
464690
689434
479790
115366
855164
599442
275
774833
728719
373915
344416
46716
249763
384151
399361
756276
755168
51330
548859
535778
177652
844902
801855
260845
760579
306406
764648
308397
488710
190729
996395
478951
988084
811356
973564
400514
323626
528655
784352
977388
370827
862828
770528
554155
165889
638452
868377
104960
152290
641496
418097
97913
109231
233553
866340
989524
486390
338524
188412
178187
838167
412950
316703
859073
794787
268399
863042
158599
102240
714830
196156
46027
87465
138690
585781
333853
174322
526367
796285
104863
873450
744957
898361
550409
374905
219192
729431
207337
814086
673955
649039
377569
608164
129299
56626
322763
553531
941117
640447
765079
303588
742024
578846
215001
596340
948159
704048
87694
318870
592354
200176
203644
620740
797143
573766
454455
516130
318334
757608
507775
576119
166178
47597
429959
228872
827403
635120
494353
921683
868336
465693
133364
314789
894281
944155
385023
640216
173827
103190
497400
301485
341965
743336
885693
777602
981968
748003
787468
636208
423803
35069
777758
245699
972732
607257
926638
565335
450250
753646
919639
997387
172959
866262
12571
817061
2499
753461
477888
561922
672900
411524
850388
20664
868226
480057
517906
388618
849894
475797
256093
179207
881203
722377
603817
258239
189429
134
700921
877475
915797
865504
458178
242936
32014
820702
371631
215544
708218
903648
433278
432069
100358
492013
366215
559114
150149
866649
44189
187184
986399
374479
594253
176762
299370
474752
918404
82494
946705
769896
176525
892801
190640
733370
40247
106669
406978
430184
646548
337649
673842
498513
206686
241973
969997
404934
997621
466297
523161
313146
858244
561225
435327
296966
857601
968607
651491
69207
617106
618837
990036
668917
454029
993925
243999
208496
489432
691327
916158
179881
197680
647334
654958
260666
129989
350247
832990
397699
594689
314839
44035
708562
714601
940265
805385
43566
368988
227208
237731
942016
777913
682135
212227
27103
955486
255747
520678
613879
572043
586177
447238
892948
211556
257385
206963
888209
65109
179246
919484
797271
399952
10233
89095
453716
482674
864354
405952
349883
561155
912971
120366
862001
86620
892824
519649
279771
721827
721294
354696
153089
178674
800967
317215
864223
436246
37520
316869
287304
961779
412639
763051
579703
714373
79284
182249
776180
511425
862218
121323
663712
491162
548986
871368
95901
962399
972717
35891
723420
431937
912764
294346
275908
634483
314598
8972
973948
812202
134957
669416
847637
175684
148493
902640
260503
574149
260890
990892
3751
902460
978549
575883
452753
23108
746474
341557
291320
471270
899945
253820
365143
107228
162976
204400
585971
559856
758321
291729
432159
871235
878229
354719
44715
608938
266061
920206
592939
532979
591936
133398
87327
524549
175926
259750
948484
395173
147887
160440
237302
710805
181217
943296
516288
407063
214733
148926
737922
572367
197309
212467
666621
161798
773340
210223
634111
643659
682673
203017
38118
291636
344570
572713
762194
158594
738721
592511
486251
873186
202461
388438
891531
211664
303336
654467
930698
191446
58840
280183
327525
408307
464989
856756
776010
246166
334102
571485
139843
61385
791632
976229
493948
694635
393180
886953
729779
580246
296907
496474
634363
723103
712264
801683
768812
777659
883795
264137
752618
641854
589078
377312
287632
852799
824677
333402
61242
403800
488471
108202
385644
592074
888315
511079
377635
959741
367353
544348
59573
805668
655623
679100
468455
368127
276100
845555
112523
211834
935220
732183
460116
165683
463129
907453
858872
671257
438698
241064
220160
422960
851763
748957
418479
416240
195528
701458
934349
627405
848999
669637
775055
660498
695593
202920
667556
832039
52965
188089
911006
997425
410658
482800
650875
891544
845878
285714
484432
767652
713855
325987
104017
869568
961405
494968
409535
427489
328011
267050
350382
521024
420856
749415
849074
511939
857286
117474
755430
334458
325247
40235
696920
61060
346350
799577
823508
399122
260545
559459
697804
507651
585209
458190
490145
673263
58443
904320
463824
350080
486999
292148
157884
230906
13890
247175
389467
917938
895087
679968
688668
414181
10571
773293
843672
670894
525268
419475
7172
903950
905907
130848
72348
94443
962285
678051
125279
732463
46969
890902
198640
61248
423731
960424
674462
753239
837160
184871
752317
966783
379601
890695
433139
460461
177821
542673
871887
324470
709991
24043
877843
36913
488647
384000
9554
873833
234052
938188
160820
596927
417639
449605
43863
827291
470635
868393
631056
266572
417104
283169
194639
156804
669774
466895
634784
8041
861351
426489
251598
815513
949654
147985
711842
322429
94755
533152
462857
924808
129880
718735
53267
344269
64782
988498
538584
236027
531168
771569
934837
614902
805185
633908
203730
868458
613035
458634
453102
413227
822103
211065
734635
934435
815481
63702
820744
712587
498676
467429
883868
805484
835873
909216
315054
513905
511280
946071
684084
103575
419637
642225
12839
117760
715223
567824
596159
413607
721168
507347
714448
806383
682785
468084
738689
909524
634646
444114
285028
373826
632881
956298
1335
614916
938422
608062
545015
939669
285074
797879
420571
724947
241769
661159
556852
929425
59515
879879
36575
660619
349682
829023
416227
727988
69962
646692
295854
509420
739677
9659
244775
419854
522442
800668
156527
622373
341505
26066
744378
648702
791918
21214
438595
592984
974144
198395
644849
662904
994261
33533
175236
46489
703620
178515
775739
50689
877446
550635
580742
53551
666561
425140
389795
901553
107379
142463
69400
174290
167288
123199
689675
360239
657719
244911
420417
650794
91951
341522
116337
565048
167322
913174
542277
119766
547707
77842
905452
678233
77001
486383
130526
437474
551352
444130
62062
214128
531360
662807
515909
437071
469196
445289
162304
732078
522530
156686
830888
203598
467562
138896
854986
559831
18812
570038
707251
505157
719050
966593
271050
318015
5063
508306
487562
812424
974580
629417
342490
571022
726789
240840
321610
642272
466996
907190
750508
618941
404641
457247
384653
580231
414948
814296
307983
752855
77809
65857
251364
348394
909031
216836
341673
628024
268917
66233
282908
729637
415657
242604
500284
778257
796631
999414
260860
232010
412514
474887
747171
256033
907882
734854
308803
195738
927570
348687
369683
583932
221036
319579
385388
663049
110276
336126
618204
323400
661318
91529
240938
40318
320716
757263
586280
76795
647368
675717
766958
711824
82571
194051
845624
560542
922735
714727
364830
175113
269799
392920
633004
827404
726561
371944
380253
575846
947285
355155
919161
657395
759981
198116
592136
194965
42065
188407
519666
892881
804238
25945
129652
501878
739042
633867
898561
325623
334182
265382
215091
927194
761816
103212
724169
191365
300300
159694
604742
475919
567016
175442
796540
437408
125808
923337
527280
194860
398344
671533
434390
608412
907734
889123
266688
363292
546502
605776
81394
576194
230759
130325
828752
48857
828915
763112
830648
505546
100331
287312
319148
513702
352993
770109
602920
539219
749519
919809
741203
787280
218853
490863
227856
47398
494752
233679
472115
874093
39958
683258
946513
160248
150094
878168
211568
851358
27531
84276
97565
494182
956394
501241
836701
340878
327265
615948
827003
636344
10663
675589
898880
578610
680563
143691
272577
934688
652700
241098
420882
5448
548319
928404
434200
632250
221823
534481
623229
330266
629447
291556
247420
66763
773099
61469
29212
63098
731661
549140
223929
298564
349019
732136
258941
949189
927829
162004
266222
788030
382060
862059
221026
167906
53766
348336
896013
52541
187934
541076
227387
482306
695305
802572
669209
648751
964691
971790
270829
181343
469448
173289
531302
925548
958670
685247
903117
547326
273519
171232
996571
475189
520373
976131
592613
616943
433006
602595
887347
355254
429647
71796
59502
503241
827573
707904
742647
153413
956615
687395
542548
921584
3638
405087
886789
779107
675238
651101
343989
578897
521063
78401
772044
623735
929500
124456
992929
539426
310204
57985
203405
67224
499895
226757
36507
279204
21232
491668
777755
654018
75689
311533
111637
320738
861629
888586
656283
311324
589062
202454
986488
161329
779230
208076
920260
831034
7811
184173
900057
316336
99732
739549
771488
167895
416184
953179
625732
329671
976222
858204
155017
596312
988958
343234
436597
392489
422590
340030
636460
922829
420498
713023
857946
65556
158651
258709
423496
507441
105615
948455
127506
834381
137177
664781
246448
759719
292151
408843
300464
878502
97122
701035
728068
711357
211019
266934
228791
729273
474720
532366
602491
951530
457645
139307
388127
326123
444704
847024
654876
617808
847269
33833
297230
6572
385712
753828
978816
134268
827608
954025
301920
860276
758368
726999
943314
534051
29202
373020
739616
151429
473477
373840
8142
477029
354301
694255
392395
755629
103089
970929
636996
56204
356519
78664
696531
759938
361532
639285
104341
943179
71872
618760
89754
571045
936573
738994
607605
556608
46297
322184
720690
178050
471569
528150
187623
486324
457637
540126
523107
490828
327187
707628
499396
886231
774075
948759
358757
199491
922081
986582
169716
666694
12881
714940
484513
738031
173789
573905
954610
504071
108418
842575
544179
643107
913449
677750
906059
855177
28809
242380
87658
246845
319977
117685
360351
763623
841923
234154
76934
853794
502276
648537
748894
154339
86769
891033
727545
266436
678947
601033
941004
310188
366771
883332
545190
715037
519792
779650
895358
592666
542349
824526
203941
701171
748568
580511
571034
126318
649061
556822
641212
547732
631753
428627
562906
397781
415106
880692
102055
856153
407412
522860
128777
535460
339022
737403
975248
832676
513423
673284
483162
100501
714807
871511
134819
367876
172288
187769
181282
993027
882094
427466
807820
285651
711129
721067
55696
380841
595873
955245
844641
762355
638223
928171
198113
359289
202505
308660
659115
106334
270770
446048
475133
867845
999516
347460
588801
235152
540714
421120
527990
902851
26567
693365
960128
745351
118205
916628
112712
62731
77363
347026
403345
790597
440518
492151
949145
256662
711362
512790
664487
423436
108349
163287
951032
777473
215312
987056
277760
740832
920307
862130
774879
843208
202420
421823
178977
580168
1172
645722
224946
459402
626302
1687
411229
451213
678308
324337
111231
258827
852920
187578
817868
657529
569220
787373
776701
322861
128039
905439
166101
681177
899245
5524
112591
949173
274569
192046
875430
204411
573170
511553
814080
120972
374871
566018
779960
378608
718271
603869
643462
287739
640833
767077
686094
497483
271325
133350
617410
301165
723510
522326
154100
49119
104749
713578
880187
974896
21531
48902
389377
169860
843306
2828
782632
504884
488913
6870
874455
267410
985002
805502
486309
349577
911281
975770
125344
562787
815515
439557
745977
896933
864656
895064
524624
30421
992839
427896
284376
403676
109117
628809
570471
353734
61394
873793
526813
673893
456896
249751
901422
719125
506936
356761
734285
800411
566171
994077
765174
950631
107794
25231
437656
331705
226058
163626
385374
103584
974863
354562
366425
75740
584196
87741
695372
980197
160381
965794
956115
914501
781881
251209
458672
226976
153599
237490
737907
386004
43795
682418
732486
552827
419349
678792
922514
919437
698615
522318
437138
796003
393689
233675
769266
690006
113987
834789
724771
53702
127614
114100
974014
534007
890639
83313
405266
589781
142481
616461
549708
895704
987694
161630
422658
622786
377146
584052
375516
556997
718764
950602
868383
289155
91385
343896
752279
594605
196367
100550
478497
560460
275691
12602
383634
192478
994839
451922
23239
529432
844803
783214
815883
335755
659327
419236
837662
981537
208659
591575
78568
202246
584188
921570
797882
385699
957379
895149
875452
582213
599354
278370
986873
663516
638358
810938
189124
249824
522212
776113
565573
122958
671594
796824
495651
102224
98011
239369
291472
153659
884469
929844
5804
303538
563259
353176
556247
456424
100810
205390
160150
555906
320667
198527
956384
51482
102484
891510
969158
778592
179659
734096
350462
85339
775000
331792
895435
607949
606421
191247
67978
462389
514996
679824
97178
602350
89086
635250
450089
330869
356196
847294
657624
519944
260099
429985
797130
411689
181433
58803
482638
173634
939166
853941
405350
736098
84642
240858
825076
523557
787137
908604
707840
636402
194149
434607
86120
501790
714584
735731
848741
36975
962339
350083
690357
990139
895624
293066
248235
475246
655321
457653
510031
682217
139316
538083
689971
398408
871772
863994
774547
956156
551924
42131
18919
375767
31706
526229
753865
291879
217565
29855
851710
517113
770781
714655
952099
859967
254078
285248
663158
637452
238216
740288
763389
210875
705822
648991
803734
998320
517657
537971
794461
725750
132993
241241
428211
945928
181671
502982
515825
424363
852386
143163
566121
676792
333156
738583
666261
522744
205688
636102
278495
346343
563162
544087
195532
536347
775091
12268
272134
900286
456943
270346
625988
997559
550653
103184
861144
214504
59362
141189
754773
611600
784314
33802
677466
56912
681613
121710
799232
998602
216714
438880
240796
870373
357667
218111
247089
695149
534916
997262
801141
302552
710769
712131
142142
626531
181051
537022
478729
683419
521758
223831
67815
491320
801274
55952
630341
609764
20844
577834
168534
448345
942281
264083
67807
350567
322550
409404
9054
457109
468199
564169
176024
541791
78514
811234
816446
857758
584079
513191
687355
480198
236591
951744
260189
148169
528437
811602
840861
745752
949653
145229
704013
397769
597448
931426
384093
846292
652201
349010
3081
264951
264751
839586
579107
539386
533768
699179
953912
157325
627598
809677
646690
860941
47400
925443
154730
233829
501952
950738
297047
209
241308
888796
571159
675902
848347
763793
25673
600077
454414
416005
550245
905015
266929
60444
35593
836811
631749
225889
851296
948114
355467
692854
344561
188819
494623
373990
795330
813106
229166
759894
641830
807411
153429
382811
865706
383836
867095
483237
484440
812409
131771
499352
502822
127673
321728
726267
860095
994678
219070
825865
915883
443346
955675
947749
6429
391548
398054
503531
335257
357650
140691
248162
578624
607265
231251
748813
850233
544775
521232
556256
336062
86522
146242
735888
80896
351713
461041
570755
165816
809824
704007
516071
935564
417777
152145
973791
71833
443437
980882
27479
901219
596459
528964
439800
694102
961087
575020
696119
114872
431844
112472
213832
746030
866804
425208
300849
875752
96403
857559
159929
792681
248876
498292
578047
20022
625683
762049
746342
185307
162890
153207
783662
691348
415903
829588
680670
218015
418291
764275
215581
829084
962645
766342
404385
90013
710732
568945
705343
637968
235891
59782
858656
10694
748927
568473
666068
176863
542045
415168
680192
8980
296118
853481
82163
336353
485716
372824
282071
781965
6622
213563
923139
401175
287935
985579
3245
266815
423589
19649
793533
134190
112102
568083
391036
511427
816445
707850
272491
977082
299569
151329
522353
180475
269142
836860
140140
723517
130733
59619
465832
886293
473318
54233
344045
261599
996103
723613
340594
445767
444964
293564
919728
854005
953614
140817
592979
346121
368923
815368
855484
14324
696249
48699
125186
95181
881220
730971
502108
444941
24137
810324
980394
600751
29409
977694
53991
446351
138159
502259
572138
810605
592886
86812
785497
603984
539605
920805
280234
819719
183712
83247
114903
692747
419227
338980
883038
244672
145749
469445
986226
422362
57311
899615
832897
272989
980456
237724
335523
266748
930294
47093
372380
718883
899011
199173
844686
621456
939250
501113
605886
741212
659052
687780
467264
625368
649115
921071
469506
990802
12611
213165
353523
526455
729464
571661
384462
100498
764864
754473
430279
497331
814597
333691
470224
123563
510967
695214
733384
655411
260476
620306
794049
435564
10709
487978
213036
780161
90382
297376
54884
684968
728353
681753
626899
309064
304226
923141
410229
249278
938249
497607
283606
156529
943561
682491
643752
548837
974237
189307
710555
101896
271733
121000
469338
8941
956870
670094
231656
662856
503996
841333
89510
299461
675915
82887
238961
607045
618083
324121
630312
315701
3074
466072
894987
61005
648227
811281
852990
484130
424916
180956
171501
307369
491557
129446
696586
740873
36156
12058
655091
859803
84742
176428
640366
802113
448904
312194
292502
921248
846867
513918
654607
393787
218518
666028
130100
275373
374670
550469
303763
955267
109214
682382
485428
821414
68976
664930
220797
965968
68612
692804
562397
385346
848123
734311
560554
808660
805047
237530
438927
211639
998954
85519
940899
523914
131577
596087
92646
296460
84812
611016
257178
365
306549
819552
582332
946685
755450
261379
400926
537222
822721
129
405218
491445
681623
462451
543445
790578
90588
515875
484645
811154
716687
391243
644480
115938
862770
956534
872907
472292
188889
722051
599676
228694
739157
233801
603413
23277
525751
267412
128190
835425
484291
130828
565437
388642
735923
335606
177876
28264
15524
15316
817655
498600
853026
523048
343272
169634
626379
987991
244849
544791
469602
598248
523581
627224
326834
389419
224532
408954
193244
990262
919730
54246
842496
651083
103042
733645
482116
5013
479484
211256
478724
858385
601496
608637
14998
414282
736237
81869
167864
23357
794667
470379
657561
795739
536561
252407
498496
289132
715340
501416
33181
32400
717133
506201
449258
60320
724742
396538
770686
974900
18465
855207
403182
949822
778332
21845
435104
423060
6564
397289
92717
818315
598605
407523
140146
876158
906732
975287
496244
508462
556434
333756
866925
908292
943013
415677
408439
809777
582556
163182
42196
728630
685334
511865
582168
318848
818776
726645
334708
140331
488098
256696
60895
870055
46636
956163
347234
101880
323138
244444
686145
503383
15481
87353
627073
446518
569037
974488
701851
422241
77849
45227
777915
944832
841649
324209
697333
56569
105375
104160
580741
272434
214137
495230
166977
897396
640603
751760
542109
190251
901481
879194
260105
868181
35107
955981
39179
453592
918124
702728
447892
634639
397432
612071
94389
819525
603156
472633
950094
429958
161499
854280
660109
803006
779329
666119
583893
567151
345100
432343
90683
48782
921699
979125
348970
45499
631039
383300
29478
207260
109822
422259
896597
158934
749451
127418
642597
651302
705880
391651
222752
651496
47025
84578
546117
877123
853029
737072
696059
338622
571395
49677
940269
240014
156742
156957
523839
932112
987867
142828
811563
514514
681937
581714
56829
771019
528284
992050
226599
157291
50566
919004
509825
10061
333171
661010
152929
451274
835791
325096
935124
422951
710998
84228
588214
181934
900159
589701
494323
650074
704006
441665
830938
729643
51669
768998
545947
800602
739406
275906
252317
837223
773431
63581
857022
729038
371075
822852
58152
566999
848249
511329
330572
153613
944259
710469
137470
267206
107925
468488
454893
633633
981368
807432
247165
905871
458994
646733
820227
207495
737876
293837
583580
646685
647840
699083
787499
95725
696660
736921
705965
140785
137111
788351
302010
78899
734143
211508
307354
651228
508989
945801
934337
882538
154598
560741
468777
126528
753374
780843
508042
415511
114659
618488
808569
174418
273844
828616
538586
688048
762972
47736
749315
686043
191390
953254
459375
673309
216318
29684
891356
651698
125546
485036
655490
508344
748292
412477
544688
889539
621453
383396
172740
380173
291567
89830
777094
704714
664870
905017
324961
948954
138765
118019
553280
319576
677377
953466
423617
40399
936436
247082
574681
69645
611792
407829
912132
743439
426373
331060
872934
335515
908337
959452
15555
74733
225323
398332
810264
977801
228396
426179
39252
934703
320539
631134
319158
293933
265012
606559
40068
2958
894484
706809
262373
340976
537443
103655
835996
962163
811358
479021
760801
192782
773504
469879
547806
391035
740556
16285
906115
455443
431482
194376
230022
593332
867131
689710
159802
208798
381803
288697
366603
929885
474515
222534
274324
966049
227031
159880
361117
103017
497090
614797
930996
435870
383532
431833
752166
491388
913414
251822
199386
931691
958402
334253
229771
282412
500577
727126
861088
584750
734234
398956
54506
884993
165092
879732
730745
638946
315041
768539
111003
717428
480423
825463
813811
144592
661483
731430
344049
673395
240716
167443
253747
616150
4089
942103
11256
300635
13185
431547
816637
443107
11446
824988
667638
676028
681468
523303
542890
301944
536691
504516
983147
935961
786366
815888
399793
625640
802032
210562
809491
940516
957843
39471
189921
562392
92372
944744
644768
593286
722638
97281
492067
437439
872753
184557
747138
62100
362127
657029
241402
317926
169155
864103
558241
930266
930430
790459
296643
669353
392303
449553
190302
863572
240270
263782
162615
568884
931910
269574
32792
118703
184253
276107
833574
605639
699201
552067
879842
410380
65168
274672
958972
18930
643012
724008
886607
906941
574425
891229
928382
683481
69532
422071
613033
17158
841267
835165
157003
810608
411395
27987
663859
774172
33025
470397
755100
320831
145305
542722
963179
60265
273652
390348
54406
536158
967658
462635
517580
629829
633924
581465
840628
798586
849836
345880
983429
576190
874867
691192
166703
204814
181503
559029
741893
401041
984720
707965
184280
117546
291309
750862
506481
71406
53615
631358
119914
875311
163433
165332
258921
794359
481074
265492
148154
255442
824089
104584
781696
355141
113370
109560
278547
114478
617230
818403
127248
450395
544236
990765
265805
791857
94988
161478
744607
482676
497577
982653
691625
605813
361096
440828
642902
631769
690417
735716
824673
236929
665884
280710
886865
397083
58216
190330
286659
161157
224452
734752
527455
440793
429808
87793
933037
559769
131422
223809
493888
800504
519794
89491
637264
310915
843241
230104
784998
11818
649557
953990
229872
541103
161286
410002
390580
206506
545605
968457
995105
405750
796730
132688
218689
436988
570733
448822
897675
282714
594793
912755
426006
448111
477053
500480
532327
198469
603292
481618
807659
223836
533156
36084
136192
553743
871867
144896
914733
280614
911638
421817
518515
1719
386067
758600
757243
714425
703238
264722
785198
769318
456209
589298
885604
541580
604141
651096
788084
779761
783429
738045
123242
393121
631745
721730
887702
810006
973600
377892
885377
332162
733246
650142
470203
985275
778997
819676
454736
920643
714016
950615
84761
964659
371771
268753
642414
5700
505254
755887
751929
208570
291208
570670
574693
497902
672336
405827
597110
594166
501207
892884
628723
907955
486498
156172
101054
708342
30211
133791
142596
269903
756702
325978
73807
246132
419849
588069
593144
789195
704973
529945
10234
986004
367434
748344
729315
794934
270774
494669
935715
756068
759110
858401
532615
796332
458405
668375
718143
410780
500129
814949
110427
540561
762981
742511
941525
905053
294113
969601
7303
223508
192838
453673
423613
832116
365357
714799
511653
729454
616919
450035
91235
584213
117519
519073
524737
514530
327020
90450
157636
732194
360243
366914
639961
427708
868121
803498
885678
588515
916133
435770
353118
881428
186996
937141
472900
760460
483030
828712
41265
456842
461526
504504
313788
426071
565479
1830
781257
93146
508755
21071
879354
922524
181579
229251
960198
780188
449183
22752
763448
889275
489379
732801
677375
891451
544079
304852
868498
157930
395766
646090
750525
852312
335009
741351
338509
878019
800328
788217
454676
131284
293804
965925
380378
632834
412820
347036
658464
514645
248098
107949
42834
339461
30352
767093
918472
21441
501004
186673
298233
29195
561582
342324
168765
237120
866258
626996
475644
812085
613847
381822
808440
559486
357811
210506
298293
790280
418608
910057
305793
138022
603462
617562
312099
113577
567062
703613
564580
256999
396801
45791
429044
431326
545699
744628
25915
865331
926575
581026
353086
775571
493864
262201
534761
212090
277370
158529
645823
414226
996851
257837
427675
778867
34721
5089
495561
431368
360029
53575
431956
69312
32929
659001
422792
958441
508236
106222
909204
713485
247606
13125
296192
541328
551471
545839
317462
721680
775916
353604
640433
399468
770146
811297
374149
332580
180223
665675
59323
872793
688420
749225
264158
654077
32828
607723
720469
364931
247496
916168
570365
646389
56519
431519
536867
737251
504641
83455
738843
729145
875376
92930
618687
790570
264204
625940
169416
614280
975154
128401
20866
797046
203952
215181
898799
827637
941999
747245
65211
945626
601917
595506
917974
814880
486902
608918
267507
68634
815311
176143
908637
551489
15999
284272
627121
186027
792971
187951
903100
480605
534572
497985
598833
430327
346398
485857
164231
575885
540680
647536
431405
876695
766723
870583
4651
357054
644552
661320
666071
726742
616251
81538
857840
876907
308814
845106
714522
284532
863187
149718
418166
717925
512738
187198
888029
101920
116259
612108
715578
674315
462713
33754
118401
81149
206476
167354
700688
548817
258737
735256
694368
184669
945399
549884
478503
120061
34064
43756
261966
318088
341082
201583
193098
405605
565513
2796
221593
522486
572979
368
118555
869873
509176
537166
347915
837200
865356
615584
464216
800671
687523
362028
842852
564018
373239
372834
298648
917881
488761
921794
271906
851564
896338
591707
306636
553824
351700
29742
19322
262844
270274
952241
97408
155205
733551
957726
656148
201849
453645
416665
193578
759827
368423
988534
507866
114033
413206
486884
260925
253081
258217
723426
994095
785856
768528
260379
974839
101994
381523
711286
769603
321588
293435
964617
382829
811171
50894
237774
897093
764260
204197
404726
674102
950573
483819
337752
315031
186113
280116
805826
639632
421523
348215
516656
791271
812674
507178
488027
65126
947587
621177
127336
718891
201373
890402
40513
168076
191885
375024
892225
952932
479241
739793
641097
695487
169121
956438
341552
552925
165762
385031
888791
582567
221013
952929
818010
868332
265220
756014
975266
720021
305821
188798
304855
656557
440591
914055
705203
557191
396304
493527
523058
914571
747873
960241
511973
295137
25769
791244
279974
57337
562430
287524
720102
753972
737603
361914
876642
414450
53419
96751
669556
19577
78492
470201
717126
249982
412974
235007
737761
684564
862098
301399
44067
613742
959824
300249
392911
604370
444776
2976
991231
755997
177946
823325
279668
636461
990338
226455
600142
411630
132891
835971
810327
145733
28068
264379
754937
742930
746591
245727
754384
927334
359158
365701
742810
487425
262521
214173
761355
827334
933954
692774
926910
818045
459706
884295
942725
196869
654324
934603
498977
526932
180918
685756
501709
232940
771545
461338
995701
968221
436038
789945
128388
35889
521440
930676
823194
802615
667648
94737
925597
870383
601563
862963
942631
698895
35648
805366
642973
625968
705982
521771
419295
167192
634339
581424
65883
84388
321247
720170
114620
471250
686598
282529
930049
594665
942964
427449
247592
587461
135754
912329
372552
642563
787287
848282
797886
683205
630099
747454
188095
632226
19717
407754
256845
209133
707268
450481
788037
70496
241434
830718
277844
715110
690052
532717
373386
973314
808726
615655
208967
984799
282683
963865
410770
409268
630874
170800
845256
314963
422421
850867
175153
842127
403115
120252
361134
310216
803453
602324
892879
245845
548078
689962
144961
396556
361379
306864
897252
673584
638825
615187
33339
697592
547766
374932
883197
300664
738504
429512
814344
907438
531818
188456
156469
270892
67221
877526
567878
91101
261299
487405
10876
360949
93631
831171
353477
359929
680072
594558
40787
715624
600211
217040
614152
405829
500192
162448
822349
487746
786821
64566
464962
423882
363191
587379
889040
768939
600744
739307
339930
120863
271498
175248
810641
478006
793073
149532
194406
654625
123158
516138
698459
321885
415287
18866
309683
373433
607132
370719
77128
898694
708341
836047
171515
921755
981024
381414
703621
153218
862982
518735
471084
519107
382053
103825
702802
899722
269544
729609
671720
59703
866354
31690
522303
738562
321785
323278
921407
314057
107343
578711
914736
700984
814525
497510
958390
465812
958792
737559
120858
830628
831637
229847
578242
262716
143208
645892
128259
931047
824904
673055
883725
882864
298943
775088
187397
256525
596798
377207
520944
159465
346525
317194
528842
807437
16575
249488
531959
892138
223699
174808
70737
73605
885688
877847
541984
560447
150456
913980
434279
757760
895285
257074
108443
710208
19362
238577
451695
918834
164776
341313
939722
21389
316264
209933
104602
500856
951200
969504
51010
720913
376935
42750
810031
722393
43154
850337
121032
62976
965817
800591
851332
641609
766164
478676
309013
397658
13694
918882
882882
9507
318748
731265
656274
925160
40279
417204
789924
827884
269508
58538
122716
952828
460197
159646
828600
121237
215689
938764
776768
888142
871503
25052
493943
870535
380636
441215
980467
863928
977365
510401
32662
492798
909195
182731
449391
131532
927251
641835
947935
798160
711171
987976
301664
746803
541130
715311
481259
287231
640681
475403
500043
346972
494290
263412
406140
215795
926747
501150
889791
237236
345375
595442
669117
82354
145137
528825
973909
392875
797246
609909
702276
765542
704062
285130
506736
44469
608535
882009
411857
307610
92238
249262
646141
465542
172778
691855
303822
491836
462567
924085
570993
659733
180116
907863
641614
381148
245002
66977
415503
908697
791241
883472
580075
157168
101159
532449
891854
684056
599931
460538
444797
117967
317484
225532
280049
280236
639987
557856
275143
856275
821576
859966
832895
994631
506613
492092
598688
199463
409478
604625
212794
353159
479005
463349
124484
329644
183009
298663
299491
318371
123094
788570
568460
74302
769609
280637
160768
965804
550690
490214
397750
741364
987995
891994
587287
556558
27088
914747
379939
399340
470031
496305
107598
765571
586728
405971
806727
403711
298166
515288
421451
542385
273317
141226
745010
521161
842740
373080
845182
571745
647316
412207
824989
712627
539704
378945
813820
119147
353983
19975
355843
433368
60604
826466
48496
525371
687198
467645
852115
676034
843073
589135
840291
726607
877200
708541
95740
217648
429204
356700
28086
539060
771998
286804
847203
459283
645197
521184
268964
195852
739901
115441
182824
898892
342412
536242
419139
50442
172426
139495
20519
898928
616572
674671
59969
928819
926989
696232
433330
992323
154130
563057
831848
354974
993912
647755
187609
802432
101389
860952
347740
12725
37735
976390
773924
557198
767541
944901
116505
832370
715168
821683
968404
802444
820893
162842
515127
28706
12562
224911
38696
525189
96162
108987
282728
143716
496535
186230
475731
681788
760235
256015
216310
459627
254963
376808
356168
426146
101801
831230
885063
197559
859092
369031
590320
80154
728726
741940
992091
538336
992210
362902
269872
537531
181624
988573
983242
703819
559214
743163
528678
462477
288284
398566
494599
117745
974932
647293
417642
223946
89629
335810
551265
561311
1371
426053
837071
779806
765468
616482
26943
80432
519297
396001
426081
234856
939271
35899
603681
999316
304753
944444
128997
379062
201940
54148
483684
709069
217342
557351
750686
181324
894212
936052
949371
911724
239143
732371
794052
268893
994914
554440
975992
211800
610067
437652
278156
923728
155907
962298
805059
751686
272980
128351
613477
137980
464518
614282
903775
180161
341605
581431
996587
793043
464761
535145
43235
141806
925091
909402
652125
511561
663962
235610
412668
539603
261895
191479
469026
177214
204482
521508
85387
208902
563769
34657
164903
515359
433677
678418
826110
868622
102345
224491
197758
717812
11007
503624
321762
465131
223617
987353
112449
182153
541049
809787
337457
790146
370470
390625
827606
683562
935475
570737
648330
864151
497269
614571
888810
36645
924354
228036
508603
818451
287336
611793
478456
974538
286225
192543
512761
421054
914865
737055
358657
512493
548521
60606
453924
814725
742460
940883
471699
174946
636266
149298
767430
693109
274286
12510
557189
415488
799505
298458
800594
72573
44458
481056
465142
754399
350451
771627
930343
983600
581768
587439
851538
820569
427774
8745
347019
747776
850845
615760
682063
338187
516668
980523
365938
246660
152632
155900
538985
341653
744720
941722
330166
694322
36704
191964
400812
970005
613112
758833
525406
354085
292825
633933
513064
747632
737931
49598
76569
639639
936669
97693
499516
808649
401979
719967
597953
379943
780517
711755
100237
834247
67282
469446
493403
470164
102048
938314
55309
152915
992630
238133
618003
756736
251768
750654
47606
783383
382310
66178
628802
851054
141778
452348
475982
683711
855483
678484
147369
544132
395
995790
225635
948731
148330
215075
950581
143945
498173
171565
676366
271995
53247
515067
489659
464359
514618
346372
277617
237425
712609
825209
150842
333673
722701
2291
68219
467026
277970
2316
774494
530494
172862
945289
423584
284757
860013
155893
678136
858996
40780
425481
166819
108209
957096
224135
741448
630845
901490
440677
497229
718947
272786
874983
899318
447213
545380
21702
743092
825637
536787
953932
113810
924921
664337
217665
576695
520312
911472
300159
769177
105913
452128
250978
197119
542106
784005
832988
126960
417638
819188
285797
291261
546320
120651
177359
200872
178972
661034
863159
274608
908701
120978
846103
301178
178265
305752
254649
455646
550472
578053
384966
887883
296443
54093
35709
445911
561242
862762
827391
634662
377990
213141
210502
241334
246685
141985
921398
512326
769179
195572
323724
588961
995421
309602
494963
303115
838082
243943
504885
892934
783274
137345
241102
988801
777632
253224
450205
710494
180308
855659
547700
208671
37057
233897
238606
777260
370989
589544
907616
460035
902223
222037
155656
899452
541066
931545
391714
977400
396184
567828
128506
358374
7490
426808
632155
591921
733707
304901
713350
243466
983085
854492
836926
489997
827899
261890
282368
752018
980773
581876
179281
658771
754650
44706
71151
389429
232072
491337
295209
384821
297598
392688
311051
907056
319411
140926
146161
420750
684832
516662
517116
508300
707912
844305
791267
294310
223320
515959
45089
809181
966760
761625
191628
280874
510945
917165
506182
185087
373818
468231
510476
995766
499931
751953
575724
463641
785058
413479
561491
112525
618883
469009
385092
481243
775113
531422
387621
175580
190908
85529
145780
892161
424731
44459
777175
535740
834185
655693
943760
359951
803844
563047
300687
435375
390352
332618
286753
930068
612338
943111
363399
676960
654680
355242
559457
84713
988758
22870
631817
628133
843915
997502
436669
545905
510370
298557
132596
932286
386228
268371
865489
712856
39627
20157
305205
639892
56770
181680
20271
178646
895112
567537
636686
125245
789187
436884
289048
36203
794832
99023
100179
956340
382633
190458
961024
393122
253280
925413
568999
804579
73864
295246
61264
598962
348189
58371
264154
400277
609046
708057
835859
96135
282939
109039
782166
208872
840163
260331
279637
108699
616262
651901
362426
687071
554753
337544
817273
658614
832822
783966
991655
164775
69257
922537
38559
763035
677885
722292
830701
708625
648803
533310
520148
711991
635885
350241
717739
664300
396768
512090
522896
608360
569588
121442
444932
800901
72534
399698
198531
157412
952613
639799
284124
116552
128791
452659
382411
72167
126742
90862
912371
743185
400332
944082
49787
803211
591569
729520
398146
284730
129455
950720
176384
732987
126926
18629
470970
980751
669569
864463
326625
852532
878123
707866
606600
884047
247951
984212
789889
219204
409524
663932
711571
629160
892913
400934
458393
488270
761690
729371
132282
935102
816519
271133
520768
277252
622461
478599
777815
861476
53820
112211
692133
206315
9445
715318
834816
968224
69189
665254
252368
193306
178306
956667
58243
41067
93216
891827
455654
472826
693873
77712
595815
204143
621399
739228
761636
630983
323255
199629
923887
513095
10556
765955
463905
376076
306693
217901
320023
727937
894573
655372
241614
485355
467316
336
770263
101663
763662
480670
170870
563347
569992
21939
374173
615441
125331
800098
360000
119495
958383
782969
395413
478332
209461
364930
432618
624285
748609
772709
443554
201909
280634
554667
805453
783548
961407
378461
100259
739846
708079
218891
209181
829148
505365
632040
729585
193960
482351
616274
934184
873417
47065
361776
703005
520839
47195
619189
781908
961632
590283
632641
759284
941953
167904
402214
79522
47632
860245
123207
922684
688486
149046
452765
768367
249370
140299
558547
275510
348345
783262
594833
107760
706321
279977
363927
222044
46444
638689
557951
309875
200666
80281
134117
769761
150888
493077
814434
714082
847405
633900
551155
535606
411714
797848
895416
946112
445201
12894
550873
933633
667206
609620
507075
176171
382243
506260
176336
714917
815344
724796
705989
450330
481935
280862
683380
914302
350638
91019
939778
441375
641877
255031
904195
113379
775839
293449
179521
848740
468101
716546
379740
261157
796374
493767
131915
752111
341955
839116
779648
760588
261910
950687
219178
64543
563523
445711
83220
707102
158807
661175
808043
459950
871757
649514
413469
643225
682431
79356
272796
177838
91514
93419
36353
995254
536169
910094
713230
949940
14279
611468
669798
425571
289535
531731
745301
132153
533470
490984
603670
242599
958412
143168
672099
410841
812986
750179
159852
732456
616806
530796
847284
93171
663566
270253
935113
281480
445167
220207
677662
232827
736248
203734
889350
816345
320592
962595
178895
975799
598913
135252
886457
897571
597311
119718
574738
765308
309337
866746
463983
499742
257851
939542
463688
622645
384349
952962
139249
672179
250380
632850
167409
458652
211987
466884
990145
629822
554438
317183
182947
79743
65194
82044
672910
113604
968384
454350
762748
435133
224839
8118
417251
265454
446397
386304
75844
867534
296677
460419
79663
824053
270237
979420
338395
352268
944376
464426
962198
645332
964619
704035
100502
193871
406852
886289
719661
57294
106931
915245
472731
667864
897389
880662
76477
977140
284549
68590
54756
24788
284283
715922
434561
788638
111217
81011
101051
513303
615896
721238
956515
683438
844906
491172
246847
952355
416208
334254
669123
859282
505699
64706
2654
878240
573839
408226
205039
886721
98324
593703
703320
719907
666982
940786
651947
585146
983541
745674
478402
971433
670919
342039
850859
341450
598784
343546
571391
209946
660611
444743
750548
246020
258419
162272
106888
793608
504787
405359
220926
516744
480331
942591
743013
234991
977036
629176
538228
895038
919754
344053
857650
970805
798248
116292
23153
199194
562098
386937
701979
233192
546051
913391
857252
976727
224071
246044
769311
225412
219035
427984
274430
276753
357898
466319
357805
624463
607735
99101
804638
814807
146376
212944
889646
544033
722734
388857
726419
719332
538869
434580
960770
834996
542650
950135
63232
455813
353931
370213
482377
696397
870489
185280
483862
853512
603996
750042
734031
172373
831748
343276
323085
800125
976279
524895
77642
120340
256044
278920
58024
266937
871618
216945
94043
66104
621565
376914
796019
184590
238271
506463
711241
992780
870303
601531
467078
130580
741065
575562
324363
16384
394994
650788
159168
984803
843381
306021
328252
282215
915535
317793
41934
70421
811124
42805
163366
961524
742988
463352
351011
557128
126349
879697
743354
608443
605174
737826
703296
93530
344357
150690
126484
824438
495125
538953
204523
978667
329144
385252
891321
622589
473837
69128
883193
51358
717406
367651
664793
851020
479929
183726
588101
575767
908873
190590
483279
373952
528752
982586
684216
942397
73987
538471
550942
380698
932866
476575
988289
167993
467826
380129
767795
517434
489369
328705
126108
729781
137366
206144
205223
371108
597466
907062
495821
981982
472455
330092
737852
177406
835363
171462
265699
881314
402489
240413
545565
157135
730252
292011
190967
871218
60601
944416
995680
488770
200680
635985
781676
49345
53550
349200
397829
344544
837078
311406
185154
9115
929565
652661
45849
412131
28363
650101
61805
627481
417480
308357
838267
799048
335152
646081
665530
255839
88932
152690
87096
746349
916539
727645
357859
936124
828118
536997
385764
695111
527890
287005
273560
658838
39918
649717
569347
183115
512162
421569
943992
65515
297995
24513
564681
945843
15506
207924
111609
474034
431903
355202
550397
957572
319266
703298
78226
916632
703421
104917
413946
28012
713038
192815
13716
46683
313756
743222
709143
671116
690141
422210
867307
763020
414561
888709
610806
723679
514564
136923
546383
417754
196931
582315
236334
756336
317887
767237
863640
583295
750421
810673
198250
358772
431680
767266
434735
349617
380607
288755
107730
471450
362628
889709
314365
109354
823340
427007
376156
479887
488153
359932
918680
392735
553675
941375
595515
835905
353897
261979
70497
704841
769407
43407
915332
384766
249685
421143
885667
166454
238445
344671
927183
281374
514584
482835
960402
109846
499317
769873
142716
755897
824071
659456
983755
938426
283698
634106
567990
732266
91922
598821
942614
582806
309496
315999
306866
588
337218
633879
462757
183742
92246
637625
37358
218752
616123
498881
921364
607148
945620
169841
289445
881465
33822
525032
677880
903283
70500
542422
76574
875476
376697
411154
600478
160753
584735
291569
171919
379710
764851
291947
570427
704196
41123
119788
898272
895361
131261
742775
113616
689692
622690
119671
350520
545859
946265
542116
128125
129891
310271
342286
860802
165379
965212
39946
96134
906942
574994
257910
117163
755547
450031
242346
290129
95626
700193
664124
284193
818429
311369
648432
68390
58913
846568
144763
571349
740920
965238
599602
114733
371729
126740
740537
493043
121491
406896
805939
922993
523132
147188
28995
789166
704718
142036
387813
855229
271160
502227
113576
357317
971306
248561
20050
780600
70919
582897
221793
812974
577913
259590
181356
899229
690462
109530
833512
571383
77791
617594
258119
880480
155618
924129
281147
747147
296021
846495
21337
317360
402731
285605
265624
186540
71716
709104
889784
570228
902916
956880
201215
701495
851429
646046
769232
189096
455892
448051
852645
330567
176731
471400
14111
427270
951790
353400
360390
899400
103741
108818
64184
797182
429989
735638
877509
5754
829600
769468
867946
562274
362442
881108
572009
323967
821136
660648
245889
634549
419383
836093
340367
160205
64199
739128
54593
655406
300050
929182
392178
257835
990756
522932
918631
299126
752520
602565
989029
637361
549493
931074
981549
677221
558484
376771
849430
965580
533807
269804
235909
508232
722103
810731
946379
139639
816178
299421
308058
27550
827583
129616
117861
863426
342855
97251
163092
466261
543362
830090
155489
813774
944803
723822
443154
96017
316194
793649
132051
16014
925475
407631
431343
229158
109448
68192
807595
471751
680080
378426
537752
426346
469235
981234
903248
819738
565059
248913
462049
526151
446856
685643
620510
682660
739628
161515
539943
615297
924212
441353
575266
573877
543315
471761
115549
759872
860420
799297
872597
897586
627843
100258
908742
948138
678892
178586
219218
793849
280690
652382
89354
945764
995576
389252
109659
204360
289423
484918
777879
131416
994893
169539
37087
316930
475782
222159
715819
703409
891306
425387
813494
874155
442619
902463
991880
316762
741417
575844
9377
115815
376907
556878
373759
324034
650364
950630
119117
206014
793168
764342
857128
327642
293362
977406
632462
494427
435867
929124
444901
974612
165041
326599
76966
485704
845754
124532
120740
509798
222395
739761
820989
241458
452529
216759
794396
597061
690859
621118
847463
965611
797954
520816
941388
462570
137911
672959
139939
209890
147751
975250
983488
105744
241773
256538
286041
442348
529428
94532
224910
285427
335223
814663
896729
399999
845240
172060
287763
600209
118233
16590
51423
10417
668090
944487
876664
492076
445295
380106
410323
625084
937725
177439
792304
566534
724594
543912
593731
924861
592862
326579
346937
675432
566057
30192
232818
404482
26200
231691
630938
422554
380649
474869
736843
76511
115999
278981
618800
184034
264016
932046
373746
705678
84137
498717
261267
948341
303448
830494
308651
281925
753306
266974
361149
939097
742305
214314
8630
53100
890273
885271
35777
199415
251547
864649
166557
324790
100953
705932
911757
863248
200826
390616
318563
941150
118838
960166
923268
494412
682803
166480
241982
884324
332932
871855
302622
412725
113490
13653
448542
859231
487576
878692
469498
872894
997192
243721
431395
787121
911051
985817
77069
431814
386918
904262
213347
253892
923640
27645
609563
720916
202015
1440
289827
302988
978235
176155
308474
183449
178890
46757
821916
192201
659827
331413
563285
474931
866398
576414
309239
74435
478272
473385
673255
835238
148980
911629
709073
256526
145477
917742
948796
265634
637512
465135
952695
384646
43558
106901
821939
719298
913336
345977
659243
11089
902411
650665
104381
378633
714819
369181
213277
613346
764379
722449
581151
541156
957066
46980
348017
916465
232321
572491
592619
564908
826257
515986
920255
234565
317418
72688
517963
754851
343358
913446
887245
706924
1989
24053
533558
46452
997337
345561
362711
803199
566273
709093
210488
21876
363978
721916
59144
887521
937553
239977
702894
57253
817118
637852
358462
601022
435243
452994
497991
196592
8962
615103
868169
682510
945092
21195
300100
310632
619397
811238
949483
778065
41813
399481
952823
439051
697946
107339
510937
448273
238105
448412
711431
171137
351955
757730
528120
81701
820236
359325
498090
567389
729255
771225
840416
951210
505197
235328
300138
82073
934252
621785
546012
38602
435772
365281
122464
835932
402077
797252
206120
324086
796988
459832
421435
383157
912596
342711
221041
5485
309745
536919
678010
542046
434832
554439
292120
653813
918051
726376
272877
791472
716933
685102
277406
205593
796081
937911
579034
115254
765436
798457
76100
450398
396177
101262
350067
657285
581551
115373
313227
954239
763266
452473
21415
128867
165982
238388
784355
132363
40023
798417
520003
731383
643071
295334
74243
314577
716029
893184
758331
145099
454918
889809
922927
559332
812283
887172
627569
759498
458079
595697
310131
18138
707315
99628
134061
45763
113776
137144
448487
763208
610017
769817
464100
583588
191322
341319
399211
441223
408152
104254
451314
584255
807479
794547
998506
242
104778
629345
332130
832455
745690
714304
482520
604197
867262
666455
841891
389459
588884
741353
232694
6335
187417
434059
553361
374938
605611
672277
789578
905056
428440
208887
363828
204277
295138
267875
689833
20203
204369
694056
585785
657889
828277
264415
408239
28805
782142
891580
720249
362011
720649
720515
287891
136725
874537
337152
92543
775492
140885
367254
894144
278543
594412
367475
254483
858971
37989
861794
633012
587686
561950
256813
935098
703875
576336
444012
206365
155826
252068
984430
19352
490971
55839
537859
456809
275303
225976
724261
239862
482620
28554
275201
88969
217299
211620
381093
260412
13431
465662
547399
396144
736028
447879
97839
530487
618521
294745
539138
431762
566275
559758
259309
336596
482792
882668
545322
614501
645093
101947
324018
698786
795492
126520
78399
875426
730870
749282
181500
374420
243529
942257
721356
375812
266502
684134
663476
551164
333769
911614
178982
557447
226686
149440
412267
664913
619605
395894
657708
519914
213153
401976
117724
450217
387026
156067
910790
84973
174413
911145
74670
274943
567525
898818
891879
362067
59129
707009
912817
533485
220650
763905
520204
666721
397302
100222
260061
299827
419062
849792
647036
53552
880305
398424
698734
33114
844560
390535
840271
974252
504510
881710
938017
941536
586294
808522
239298
539977
741338
918488
873903
372813
368680
688487
76227
644225
129931
293176
523869
225824
135310
703567
857760
556198
865323
230297
110485
33999
307906
281273
829867
99687
180325
465137
604638
764238
983184
570025
737588
25674
580703
472868
513417
641206
202604
285586
953777
376108
319919
259637
290406
871908
947608
481242
404440
453226
692755
135041
816645
186941
666958
786469
62610
886754
955497
620378
321602
892564
684665
241358
158544
784601
415161
555633
953903
934127
142735
419761
278300
121125
1910
175324
43335
633932
869037
808535
368690
840378
891416
492625
992133
480251
361570
154049
556024
1931
405433
233616
748294
210478
429812
854063
975814
960411
673403
411925
90456
379715
455045
706132
810810
480641
346428
583191
311610
437791
774974
828026
103558
316738
170749
498886
718559
355188
138246
757576
570156
272140
780575
808332
610603
749884
203592
502459
903042
193655
979492
332110
186804
515837
3186
546670
370031
509892
482675
413994
711426
851780
415792
531732
853355
200415
486804
324857
734606
251628
73012
899642
845506
8991
38000
626827
289094
975126
697969
35464
669137
533314
104082
451503
774087
533744
428187
523262
491655
999347
663784
891498
88161
115248
151528
279353
280869
439494
628673
740668
875543
789528
239377
295021
663486
771128
204560
290209
785947
655281
647633
763561
310903
431793
369383
96779
455638
993361
874084
430232
58951
227587
575037
304362
949021
803607
257609
291644
430392
649066
6568
628070
745404
34859
255168
727283
734564
681163
213411
462945
670319
115969
936141
660148
441848
38647
505289
46263
348323
518676
305266
381392
155827
851815
815383
398143
992377
48301
883320
309491
599848
238189
279753
452675
380891
44262
924385
524791
505036
686285
594591
485509
618873
849800
383483
756439
323144
803546
189126
848372
316205
908713
973626
694159
136019
723418
832956
566586
253157
422104
90608
298168
61561
691700
883129
325359
397465
543718
638476
168444
173552
107826
35951
538273
435598
679718
196500
425114
528856
772416
265740
443725
499663
828908
558314
79903
41275
622954
324725
872419
990451
748110
544200
193261
140940
269281
439818
608901
808348
934629
417030
224951
586025
159606
186470
524679
30643
864780
591697
448898
793307
615389
856158
634864
962671
526303
525939
12646
854611
844459
270335
480504
40525
380925
56080
596171
170988
16472
771473
757960
371158
367431
898340
120044
372461
864446
487000
832444
651294
97246
323030
812230
341207
482447
291
443200
337640
567723
840297
843535
813250
670829
690493
833125
771274
647962
484885
709326
102909
124834
612924
467132
472559
412794
267678
519599
504876
770840
450883
993920
936575
36490
209241
119819
632529
926452
468585
750519
110760
15844
596268
481828
397201
54867
205239
261231
776537
98299
547985
244132
112501
765007
104869
44417
554881
108508
359827
857379
319205
551354
688160
630032
836820
335598
482446
282784
345902
275872
506183
249288
721158
160691
977331
439364
157693
438598
999529
347553
675469
126215
284289
689316
155938
167983
525128
271194
155234
702877
598669
409277
873614
380435
463448
737664
264000
32135
589882
939320
319444
505895
158912
793575
434083
32237
520321
953893
990891
678234
732759
734445
790986
573290
242689
227241
201363
708839
124091
975606
569171
351376
733874
826313
208950
824622
428997
677992
700969
997217
555655
230054
887262
525592
532487
795558
936420
915739
803322
254013
81057
192645
477447
332021
31215
817936
218159
611566
969745
266761
6552
877088
220113
230946
966772
818683
654519
688038
899666
637103
546151
316295
609281
307399
995288
19987
263836
368944
677677
742213
659959
118424
925490
348280
342117
581810
199540
656310
240931
824470
99260
280111
916964
503108
642858
795845
951865
274825
853035
222084
272413
669050
510487
68911
6106
613789
898153
162933
12252
418664
118236
468675
627024
473121
952158
303411
273657
566884
957043
565794
96591
151491
137705
527327
777555
844615
129076
995839
40244
328085
184805
903757
164311
911788
606539
148574
891591
180811
527910
450243
671673
537584
488964
459161
26298
538682
469691
637050
337143
458032
228610
683286
746985
784602
8300
206556
51419
881485
858305
851089
429401
590597
649850
768068
431991
971690
694553
336536
728507
162805
812515
947008
970408
607084
455227
532746
15208
580681
111389
931730
928660
870201
69043
485207
967267
977216
448215
91946
651118
362105
590886
295682
333596
696955
52413
461293
287599
969816
547219
581217
186921
363455
794355
506737
402460
315265
548756
271387
873293
784496
755670
140030
907972
541540
104475
134504
895027
345111
598848
316494
200833
913904
466999
319829
14641
527389
350979
429236
354585
714190
913661
811917
640618
971609
514122
942419
